&input
Nstep = 32000,
Nwalker = 320,
Natoms = 24,
temp = 0.00001,
factor = 1000.0,
steptowrite = 50,
dt  = 0.0005,
ratio = 0.2
x_ini =  0.1  1.5
y_ini =  0.2  1.5
z_ini =  0.3  0.0
mode = "load"
Vswitch = .false.
Debag = .false.
Dist_switch = .false.
fin = "atoms.dat"
fout = "out.dat"
x_orig = -0.5
y_orig = -0.5
z_orig = -0.5
a_vec1 = 2.174720 0.000000 0.000000
a_vec2 = 0.000000 1.883363 0.000000
a_vec3 = 0.000000 0.000000 5.326954
bounds = p p p
/
