&input
Nstep = 30,
Nwalker = 16,
Natoms = 54,
temp = 0.001,
steptowrite = 1,
dt  = 0.002,
ratio = 0.48
mode = "Reaction"
fin = "atoms.dat"
fout = "out.dat"
x_orig = -0.5
y_orig = -0.5
z_orig = -0.5
a_vec1 = 3.262080 0.000000 0.000000
a_vec2 = 0.543680 2.825044 0.000000
a_vec3 = 0.000000 0.000000 5.326954
bounds = p p p
/
