&input
Nstep = 3,
Nwalker = 1600,
Natoms = 7,
temp = 0.001,
steptowrite = 1,
dt  = 0.002,
ratio = 0.48
mode = "Reaction"
fin = "atoms.dat"
fout = "out.dat"
x_orig = -8.897999
y_orig = -8.3346005
z_orig = -6.0167999
a_vec1 = 18.5668984 0.0 0.0
a_vec2 = 0.0 17.8101998 0.0
a_vec3 = 0.0 0.0 11.6429997
bounds = f f f
/
