&input
Nstep = 60000,
Nwalker = 3200,
Natoms = 13,
temp = 0.001,
tempFin = 0.003,
steptowrite = 100,
dt  = 0.005,
ratio = 0.42,
mode = "Reaction",
x_orig = -7.0,
y_orig = -7.0,
z_orig = -10.0,
a_vec1 = 14.0 0.000000 0.000000
a_vec2 = 0.000000 14.0 0.000000
a_vec3 = 0.000000 0.000000  15.0
bounds = f f f
/
