&input
Nstep = 80000,
Nwalker = 3888,
Natoms = 12,
temp = 0.0001,
tempFin = 0.005,
steptowrite = 50,
dt  = 0.0002,
ratio = 0.2
mode = "Reaction"
fin = "atoms.dat"
fout = "out.dat"
x_orig = -4.0
y_orig = -4.0
z_orig = -3.0
a_vec1 = 8.0 0.000000 0.000000
a_vec2 = 0.000000 8.0 0.000000
a_vec3 = 0.000000 0.000000  7.0
bounds = f f f
/
