&input
Nstep = 150000,
Nwalker = 3200,
Natoms = 38,
temp = 0.001,
tempFin = 0.005,
steptowrite = 200,
dt  = 0.005,
ratio = 0.46
mode = "Reaction"
fin = "atoms.dat"
fout = "out.dat"
x_orig = -15.0
y_orig = -11.0
z_orig = -11.0
a_vec1 = 25.0 0.000000 0.000000
a_vec2 = 0.000000 21.0 0.000000
a_vec3 = 0.000000 0.000000  21.0
bounds = f f f
/
