&input
Nstep = 2000,
Nwalker = 24,
Natoms = 16,
temp = 0.05,
tempFin = 0.001,
steptowrite = 1,
dt  = 0.01,
ratio = 0.3
mode = "Reaction"
fin = "atoms.dat"
fout = "out.dat"
x_orig = -0.3
y_orig = -0.3
z_orig = -0.3
a_vec1 = 4.3405436 0.000000 0.000000
a_vec2 = 0.000000  4.3405436 0.000000
a_vec3 = 0.000000 0.000000  3.0692278
bounds = p p p
/
