&input
Nstep = 15000,
Nwalker = 1600,
Natoms = 7,
temp = 0.001,
tempFin = 0.005,
steptowrite = 100,
dt  = 0.0005,
ratio = 0.38,
mode = "Reaction",
x_orig = -6.0,
y_orig = -6.0,
z_orig = -4.0,
a_vec1 = 13.0 0.000000 0.000000
a_vec2 = 0.000000 13.0 0.000000
a_vec3 = 0.000000 0.000000  9.0
bounds = f f f
/
